d810a:0.0909090909091 0.181818181818 0.545454545455 0.181818181818 0.0
d3200:1.30087641117 4.09946948476 3.17843986079 1.22121424327 0.2
d5200:0.0714285714286 3.4280075188 4.14611528822 2.14085213033 0.213596491228
d7100:0.0 3.11111111111 4.62777777778 0.724074074074 0.537037037037
d7000:0.257236227824 3.68767507003 2.52843137255 2.65830999066 0.868347338936
d610:0.129370629371 2.41258741259 1.04312354312 1.32400932401 0.0909090909091
d5500:0.0 0.5 0.5 0.0 0.0
d90:0.0 2.75 1.25 1.0 0.0
d5100:0.1 5.17197802198 2.81080586081 1.32362637363 0.59358974359
d800:0.0 0.4 0.0 0.0 0.6
d4s:0.0 0.0 0.0 1.0 0.0
d3000:0.0 4.27272727273 1.76515151515 2.79545454545 1.16666666667
d810:0.0909090909091 0.181818181818 0.545454545455 0.181818181818 0.0
d3100:0.0 4.27272727273 1.76515151515 2.79545454545 1.16666666667
d750:0.0363636363636 0.581818181818 1.14545454545 0.236363636364 0.0
d4:0.0 0.0 0.0 1.0 0.0
d3300:0.363742690058 4.78642992285 2.29830581355 1.91412661556 0.637394957983
d5300:1.0 3.74096880131 1.46510673235 1.97249589491 1.82142857143
d300s:0.0 0.0 0.0 0.0 0.0
